2 3 2 35 2 35
0 0 0 0 0 0
0 0 0 0 0 0
0 0 0 0 0 0
64 65 2 35 2 35
0 0 0 0 0 0
0 0 0 0 0 0
0 0 0 0 0 0
2 35 2 3 2 35
0 0 0 0 0 0
0 0 0 0 0 0
0 0 0 0 0 0
2 35 64 65 2 35
0 0 0 0 0 0
0 0 0 0 0 0
0 0 0 0 0 0
2 3 2 3 2 35
0 0 0 0 0 0
64 65 2 3 2 35
0 0 0 0 0 0
2 3 64 65 2 35
0 0 0 0 0 0
64 65 64 65 2 35
0 0 0 0 0 0
2 35 2 35 2 3
0 0 0 0 0 0
0 0 0 0 0 0
0 0 0 0 0 0
2 35 2 35 64 65
0 0 0 0 0 0
0 0 0 0 0 0
0 0 0 0 0 0
2 3 2 35 2 3
0 0 0 0 0 0
64 65 2 35 2 3
0 0 0 0 0 0
2 3 2 35 64 65
0 0 0 0 0 0
64 65 2 35 64 65
0 0 0 0 0 0
2 35 2 3 2 3
0 0 0 0 0 0
2 35 64 65 2 3
0 0 0 0 0 0
2 35 2 3 64 65
0 0 0 0 0 0
2 35 64 65 64 65
0 0 0 0 0 0
2 3 2 3 2 3
64 65 2 3 2 3
2 3 64 65 2 3
64 65 64 65 2 3
2 3 2 3 64 65
64 65 2 3 64 65
2 3 64 65 64 65
64 65 64 65 64 65