2 3 2 33 2 33
0 0 0 0 0 0
0 0 0 0 0 0
0 0 0 0 0 0
32 33 2 33 2 33
0 0 0 0 0 0
0 0 0 0 0 0
0 0 0 0 0 0
2 33 2 3 2 33
0 0 0 0 0 0
0 0 0 0 0 0
0 0 0 0 0 0
2 33 32 33 2 33
0 0 0 0 0 0
0 0 0 0 0 0
0 0 0 0 0 0
2 3 2 3 2 33
0 0 0 0 0 0
32 33 2 3 2 33
0 0 0 0 0 0
2 3 32 33 2 33
0 0 0 0 0 0
32 33 32 33 2 33
0 0 0 0 0 0
2 33 2 33 2 3
0 0 0 0 0 0
0 0 0 0 0 0
0 0 0 0 0 0
2 33 2 33 32 33
0 0 0 0 0 0
0 0 0 0 0 0
0 0 0 0 0 0
2 3 2 33 2 3
0 0 0 0 0 0
32 33 2 33 2 3
0 0 0 0 0 0
2 3 2 33 32 33
0 0 0 0 0 0
32 33 2 33 32 33
0 0 0 0 0 0
2 33 2 3 2 3
0 0 0 0 0 0
2 33 32 33 2 3
0 0 0 0 0 0
2 33 2 3 32 33
0 0 0 0 0 0
2 33 32 33 32 33
0 0 0 0 0 0
2 3 2 3 2 3
32 33 2 3 2 3
2 3 32 33 2 3
32 33 32 33 2 3
2 3 2 3 32 33
32 33 2 3 32 33
2 3 32 33 32 33
32 33 32 33 32 33